Test_Repo: berry-3
Prompt_ID: 1
Repeat_Num: 3
Total_Patch_Num: 3
Compilable_Patch_Num: 1
Plausible_Patch_Num: 0
Average_Response_Time: 3.1979726950327554
Average_Confidence: 0.26666666666666666
Average_Identify_Accuracy: 0.0
Average_Pass_Rate: 0.32323232323232326
